-5110
8080
7508
9935
4680
2793
-4807
-5552
-8981
-375
-270
4424
9917
856
-7284
-5504
8446
4303
-5783
-8780
4434
1480
-2288
8376
6638
2343
-6235
-1298
-6261
5987
-5978
-2182
9871
3757
-6674
8106
6818
1825
-5211
-2876
3080
3271
-7126
1246
-436
9815
955
8920
5880
-9452
-6194
929
7018
2765
5551
6281
-2844
4230
-6117
4923
9804
-7411
8745
-4993
776
-7115
2370
978
-2604
8791
-5915
1950
6399
-2489
-6072
-2407
-8186
8122
6212
-9645
-1315
3566
704
-6277
-5631
7316
-2557
-1955
-1052
-6291
-1719
9109
6524
717
-5160
-3502
2903
-296
6440
3569
439
-2935
-1014
-7715
3052
-6108
2916
7507
-6330
6468
4430
5653
6019
8648
2029
5196
-2316
8858
4206
6899
2131
-1903
8434
-9905
7849
-7380
7390
-4613
5595
-9756
-1857
6616
-9690
-4850
-2458
7255
-9908
9139
1077
1703
-71
351
6179
8594
-6888
5627
2185
5567
1503
-5880
1315
-7933
-3508
7395
8279
-9338
7121
1344
-7957
-253
3320
-9225
3926
-8612
-5832
-3322
-3616
-7550
-7052
-1386
8069
3029
-3320
3481
4329
-9432
-3387
-1657
3861
5556
-4461
-2676
-6391
-641
-996
-9445
-7879
6738
5955
4098
-8074
-1390
5958
7952
-9672
-1985
-5366
2582
6949
-3479
8322
-4224
1554
4777
-4817
-4847
1119
9844
-3572
-1453
9095
-6359
-4633
-6749
3081
3782
7883
-2988
6425
8223
-3668
-4241
-2469
8670
-8603
6055
-9385
5587
-618
3581
-3108
7913
4677
3680
1266
9616
-2969
-9325
-8278
7849
-6017
4077
-714
9392
-1404
-3275
-2908
8959
-9700
-4158
-7446
-8692
-8554
-2162
-4982
-3846
-1488
-6606
-9140
-7832
-8034
-9481
-8933
998
-3018
1433
3271
6592
-6665
9166
-4909
-6608
813
-2988
-4414
-2433
-944
5428
-3731
-9057
-2833
-4424
-4585
-2597
4677
-6726
1111
5663
-6712
-6570
-9030
7723
2756
-9708
-860
1228
524
9940
-8986
8459
8082
-4249
6585
-7731
4413
-3120
-7248
-7292
-6838
-8859
-3635
-3346
-880
-3885
-9211
-2984
-688
-4916
-8123
8000
-7040
7349
-6335
-2225
-1699
7020
8906
5469
-1729
9200
5783
5298
3450
-6653
-8954
-7252
8492
-2342
5020
-7113
-8913
-6431
3960
24
-6616
-8596
-7419
-7894
-7163
3067
-1826
799
2541
2365
4124
-10000
-4078
-6292
-9945
-9049
-5420
-2344
4736
3283
-8735
650
991
-9354
-3519
-141
4184
-1381
-1809
-7631
7585
3941
-4443
4642
8253
9683
2483
6161
-4110
4781
572
-4810
8020
-9645
4336
-3885
-4236
6298
2634
5773
6896
9810
-1398
6911
-809
6527
6685
-6865
-6152
862
-4516
5006
-4579
-7339
-2956
9573
-1094
-4396
4816
-5769
-6547
7604
5577
-3489
2885
8328
7977
-820
-2083
-2136
-3603
-488
-2714
-287
4872
-9459
6338
1307
-813
-4705
-8012
-1124
-5817
3398
-5055
-7314
7969
-1007
-8621
5450
5349
8043
-4563
812
-9453
-5940
-2254
-1967
5999
8952
-2940
-6868
-9780
-6230
-9363
-7642
-8764
1896
6321
2293
-9776
8255
-1833
2838
-3971
-1475
6348
-7625
7120
-1970
-8389
-8299
3887
-177
5636
-9151
-416
-7253
-4321
-8100
766
3701
6849
5315
2358
-277
7436
7742
-3573
-2724
3430
462
-4446
-6024
-7664
-3899
3079
-5747
-7672
725
6429
6379
-2708
-2312
-2558
-5241
-1694
-5706
-9046
-2939
-4315
-854
-1762
1490
-9571
-7958
489
5130
-2890
1405
3378
-3546
460
-8230
2072
3407
2007
-6290
-3678
-6816
-9734
-9103
-3402
-2447
-1600
-600
6759
3948
4428
2869
9389
-5756
-8851
-7199
-2304
-7682
6468
-1117
3038
8730
1266
-4058
2868
-6396
-4410
7835
9998
2552
3027
390
-8107
8543
-9441
-9532
5998
8093
-4706
-5634
-6551
5211
4929
2065
5852
-3490
-7033
-428
54
-3869
4909
-9585
3421
-3203
-6777
-9929
4954
-9505
-9265
377
-3517
-1155
5348
-2370
8975
-2005
1374
-3323
6135
6601
-6930
1945
-5709
6869
-2129
6705
-7184
1335
9526
-3622
-7650
-4576
440
-7706
-5260
9169
-6905
835
1044
-1395
-8927
9064
387
-5931
-3768
606
-2849
-5473
8243
-3502
2098
6651
-7633
7613
-5067
-8101
-784
9929
-321
-798
-329
6406
-3195
-1717
-7507
9749
-4556
-2160
-9605
-1762
-2657
5786
-9722
273
-108
-6549
-4534
-8766
5274
2238
5884
-1112
-66
9649
-8929
-9139
-1993
2241
-6984
-3925
8239
-8851
5099
1765
-4931
3026
-5147
-7700
8615
-4674
-2461
-4688
-4249
-9463
8736
-5035
-8482
-6973
-143
1297
-3841
-7746
-5721
9998
-9076
-5187
-4720
-7563
3966
-9054
-254
2247
-5435
-3203
-5709
8669
-7505
6993
5157
1381
2476
1149
-9773
-7260
-6509
-6536
-6679
-4617
-7367
8615
-122
-9083
-6672
-7512
-3660
9656
-9494
-546
-6480
-4203
6174
2934
-6012
-4549
-9327
3381
-9328
7444
2191
8259
6214
7074
-8743
7283
7322
-7185
6707
-5984
-2416
7566
9108
-3329
1852
-7550
-3442
8921
9836
3706
-9348
-6742
6076
1056
692
6485
-9549
4932
9268
2129
-2569
393
8025
-2914
9167
-1743
-171
3330
7738
3547
1182
7117
-4908
-8668
-7797
-9195
-4503
-5174
5335
-6997
-8405
-5458
-5223
-6861
-6134
4534
8478
-9319
8068
5871
9718
4140
-8714
1462
-4115
-1172
-2121
6628
9500
6611
2452
3711
686
1016
7541
9954
1520
1496
-616
5062
-102
-405
3368
9993
-4978
-4780
9159
1241
8913
5816
7797
9432
7932
5334
-3324
-2981
2478
4163
-7341
9785
-8982
-1323
7413
-1176
160
724
-977
8880
884
8552
2994
6164
-4446
-360
-9185
7128
1295
-2769
9463
-3045
-1410
-4278
514
-4597
192
-9856
1395
8968
-7284
7842
7470
-4676
7054
2397
-8254
1886
1081
8709
7409
-1063
-6555
9444
-9996
-1503
6033
-6948
465
-2234
-3721
8394
9789
960
-2965
-5878
5268
-3059
-9504
5305
3561
3310
-4910
-9274
7652
990
2848
4530
-1833
8364
1331
4318
9872
-2646
7162
8752
-8464
-1000
5512
-5670
-8016
1609
-5510
-1541
-6188
-5373
1614
-1353
-1546
7517
2920
-6430
-8976
-5725
2800
-9455
7691
-6600
-9245
-8768
5964
-82
8190
4897
-6397
-8944
8341
5368
1840
6138
962
7392
-98
6351
612
4689
-9817
-1185
4431
-1007
5782
780
7738
-23
-2265
8556
2266
-3699
816
2557
7564
-1377
6386
5458
-4809
-3959
3311
1784
-421
-6475
3333
3293
2884
-8958
-5333
7210
-2994
9920
-9537
2956
8351
-2544
-3018
9773
-8298
8550
-1770
9276
-4029
7646
-7827
-1534
